4294967278,21
4294967278,20
4294967278,18
4294967278,12
4294967278,11
4294967278,10
4294967278,7
4294967279,119
4294967279,116
4294967279,21
4294967279,20
4294967278,128
4294967278,120
4294967278,119
4294967278,118
4294967278,108
4294967278,107
4294967278,104
4294967278,215
4294967278,99
4294967278,97
4294967278,313
4294967278,96
4294967278,312
4294967278,95
4294967278,90
4294967278,84
4294967278,78
4294967278,339
4294967278,74
4294967278,71
4294967278,70
4294967278,69
4294967278,68
4294967278,304
4294967278,60
4294967278,58
4294967278,49
4294967278,47
4294967278,46
4294967278,41
4294967278,40
4294967278,39
4294967278,37
4294967278,26
4294967278,16
4294967278,15
4294967279,132
4294967279,129
4294967279,124
4294967279,121
4294967279,120
4294967279,224
4294967279,107
4294967279,105
4294967279,218
4294967279,104
4294967279,103
4294967279,98
4294967279,306
4294967279,96
4294967279,305
4294967279,95
4294967279,90
4294967279,89
4294967279,569
4294967279,86
4294967279,81
4294967279,568
4294967279,77
4294967279,528
4294967279,75
4294967279,74
4294967279,296
4294967279,68
4294967279,66
4294967279,65
4294967279,64
4294967279,62
4294967279,57
4294967279,52
4294967279,18
4294967279,14
4294967279,6
4294967279,4
4294967278,391
4294967278,38
4294967279,329
4294967279,291
4294967294,393
4294967279,287
4294967278,294
4294967294,173
4294967294,1088
4294967294,1006
4294967294,421
4294967279,328
4294967278,32
4294967279,143
129,6
129,5
129,4
129,3
129,2
129,1
4294967278,25
4294967279,514
4294967294,476
4294967279,133
4294967279,280
4294967279,279
4294967278,270
4294967278,269
4294967278,390
4294967279,559
4294967278,266
4294967279,273
4294967278,361
4294967278,280
126,7
4294967279,5
4294967278,4
126,6
126,5
126,4
4294967279,315
126,3
126,2
126,1
4294967278,320
4294967294,473
4294967279,127
4294967279,566
4294967279,126
4294967278,125
4294967278,235
4294967279,125
4294967279,250
4294967279,564
4294967278,253
4294967279,327
4294967279,118
4294967278,114
4294967278,111
4294967279,109
123,6
123,5
123,4
123,3
123,2
123,1
4294967278,102
4294967278,315
4294967279,307
4294967278,100
4294967278,98
4294967278,389
4294967278,93
4294967278,87
4294967278,342
4294967279,530
4294967278,359
4294967278,85
4294967278,83
4294967279,194
120,6
120,5
120,4
120,3
120,2
120,1
4294967278,76
4294967278,75
4294967278,388
4294967278,73
4294967279,527
4294967279,184
4294967278,64
4294967279,295
4294967279,294
4294967278,301
4294967279,179
4294967278,53
4294967278,62
4294967279,292
4294967278,302
4294967279,293
4294967278,59
4294967279,170
4294967279,169
117,6
4294967278,167
117,5
117,4
4294967278,335
117,3
117,2
117,1
4294967278,43
4294967279,326
4294967278,51
4294967278,334
4294967294,1414
4294967294,190
4294967294,998
4294967294,1008
4294967294,1011
4294967294,996
4294967294,163
4294967294,1089
4294967278,50
4294967279,325
4294967278,48
4294967279,516
4294967278,152
4294967294,160
4294967294,112
4294967294,191
4294967294,465
4294967294,397
114,4
114,3
114,2
114,1
4294967278,381
113,4
113,3
113,2
113,1
4294967294,437
4294967279,324
4294967278,27
4294967278,139
4294967278,277
4294967278,134
112,5
4294967279,135
112,4
112,3
112,2
112,1
4294967279,134
4294967278,133
4294967279,271
4294967278,276
4294967279,270
4294967278,288
4294967279,16
4294967279,17
110,6
4294967278,13
4294967279,15
4294967279,264
110,5
4294967279,10
4294967278,281
110,4
110,3
110,2
110,1
4294967278,265
4294967279,275
4294967278,325
4294967279,256
4294967278,264
4294967279,323
4294967278,285
109,5
4294967279,255
4294967278,261
4294967279,254
109,4
4294967278,278
109,3
109,2
109,1
4294967278,387
4294967279,253
4294967279,547
4294967279,317
4294967278,322
4294967279,316
4294967278,318
4294967279,313
4294967278,358
4294967278,316
4294967278,317
108,5
4294967279,311
108,4
4294967278,254
108,3
108,2
108,1
4294967279,310
4294967278,250
107,4
4294967279,247
107,3
107,2
107,1
4294967279,246
4294967279,245
4294967278,244
4294967278,243
4294967279,242
4294967279,240
4294967294,995
4294967294,1092
4294967294,176
4294967294,1012
4294967294,170
4294967294,1094
4294967278,236
4294967279,235
4294967278,234
105,4
105,3
105,2
105,1
4294967278,223
4294967278,221
4294967279,220
4294967278,219
4294967278,386
4294967279,216
4294967294,179
4294967294,449
4294967294,454
4294967279,539
4294967278,353
4294967278,351
4294967279,536
4294967279,535
4294967278,311
4294967294,11
4294967294,68
4294967278,132
4294967278,131
4294967278,130
4294967278,129
4294967278,127
4294967278,124
4294967278,122
4294967278,121
4294967278,117
4294967278,116
4294967278,115
4294967278,113
4294967278,110
4294967278,106
4294967278,105
4294967278,94
4294967278,92
4294967278,91
4294967278,89
4294967278,86
4294967278,82
4294967278,77
4294967278,65
4294967278,61
4294967278,54
4294967278,44
4294967278,137
4294967278,327
4294967278,23
4294967278,271
4294967278,9
4294967278,279
4294967279,131
4294967279,130
4294967279,561
4294967279,284
4294967279,226
4294967279,560
4294967279,13
4294967279,11
4294967279,9
4294967279,301
4294967278,81
4294967278,307
4294967279,299
4294967278,191
4294967279,322
104,6
104,5
104,4
104,3
104,2
104,1
4294967278,385
4294967278,72
4294967278,355
4294967278,67
4294967278,373
4294967278,177
4294967278,384
4294967278,56
4294967278,369
4294967278,55
4294967278,368
4294967279,321
4294967278,163
4294967278,162
101,6
4294967279,162
101,5
4294967278,161
101,4
101,2
101,1
4294967278,160
4294967279,553
4294967279,320
4294967278,45
